Algum texto
90000               	                2323
90001               	                2324
90002               	                2325
90003               	                2326
90004               	                2327
90005               	                2328
90006               	                2329
90007               	                2330
90008               	                2331
90009               	                2332
90010               	                2333
90011               	                2334
